---------------------------------------------------------------------- 1000 s

Imports : 0.7758851051330566 s

Fits: /crab_onax.fits

Setup : 1.0728836059570312e-05 s

Skymap: 0.8902239799499512 s

Blind-search: 2.6138908863067627 s

Modelling: 0.001154184341430664 s

Fitting: 9.991809844970703 s

Hotspots:[[83.633], [22.01]]

sqrt_ts: 139.92475120578203
Statistics: 0.0004203319549560547 s

PH-FLUX 1.5989559713125614e-09 +/- 2.353649020084006e-11

Flux points : 0.00013256072998046875 s

Total time: 14.273719787597656 s

---------------------------------------------------------------------- 100 s

Imports : 0.7556867599487305 s

Fits: /crab_onax_texp100s_n01.fits

Setup : 1.4781951904296875e-05 s

Skymap: 0.6730027198791504 s

Blind-search: 2.661932945251465 s

Modelling: 0.0010983943939208984 s

Fitting: 1.4443960189819336 s

Hotspots:[[83.633], [22.01]]

sqrt_ts: 46.61589857548602
Statistics: 0.0004277229309082031 s

PH-FLUX 1.5732012801177295e-09 +/- 6.995243332407956e-11

Flux points : 0.00015115737915039062 s

Total time: 5.536886215209961 s

---------------------------------------------------------------------- 10 s

Imports : 0.775587797164917 s

Fits: /crab_onax_texp10s_n01.fits

Setup : 1.4781951904296875e-05 s

Skymap: 0.6457371711730957 s

Blind-search: 2.871002197265625 s

Modelling: 0.0011456012725830078 s

Fitting: 0.5526113510131836 s

Hotspots:[[83.6545691727557], [21.9899985891728]]

sqrt_ts: 12.965878296513507
Statistics: 0.0003590583801269531 s

PH-FLUX 1.536250555082306e-09 +/- 2.300609083764876e-10

Flux points : 0.00011920928955078125 s

Total time: 4.846747398376465 s

---------------------------------------------------------------------- 5 s 

Imports : 0.8075478076934814 s

Fits: /crab_onax_texp5s_n01.fits

Setup : 1.3113021850585938e-05 s

Skymap: 0.6719353199005127 s

Blind-search: 2.7412667274475098 s

Modelling: 0.0011103153228759766 s

Fitting: 0.5272860527038574 s

Hotspots:[[83.6545691727557], [21.9899985891728]]

sqrt_ts: 12.965878296513507
Statistics: 0.00038051605224609375 s

PH-FLUX 1.536250555082306e-09 +/- 2.300609083764876e-10

Flux points : 0.0001456737518310547 s

Total time: 4.74986720085144 s

---------------------------------------------------------------------- 2 s

No candidates found.
